Num de nós, Num de elem, Num passos, tolerância, Num de forças aplicadas, Num de nós restritos,Tipo de Anlálise (1 - estat, 2 - dinam)
13,24,100,0.000001,1,6,1
No, X1, X2, X3
1,0,50,0
2,-43.3013,25,0
3,-43.3013,-25,0
4,0,-50,0
5,43.3013,-25,0
6,43.3013,25,0
7,-12.5,21.6506,6.216
8,-25,0,6.216
9,-12.5,-21.6506,6.216
10,12.5,-21.6506,6.216
11,25,0,6.216
12,12.5,21.6506,6.216
13,0,0,8.216
EL, no1, no2
1,1,7
2,1,12
3,2,7
4,2,8
5,3,8
6,3,9
7,4,9
8,4,10
9,5,10
10,5,11
11,6,11
12,6,12
13,7,8
14,8,9
15,9,10
16,10,11
17,11,12
18,12,7
19,7,13
20,8,13
21,9,13
22,10,13
23,11,13
24,12,13
EL, Elasticidade, Área
1    10000    0.1
2    10000    0.1
3    10000    0.1
4    10000    0.1
5    10000    0.1
6    10000    0.1
7    10000    0.1
8    10000    0.1
9    10000    0.1
10   10000    0.1
11   10000    0.1
12   10000    0.1
13   10000    0.1
14   10000    0.1
15   10000    0.1
16   10000    0.1
17   10000    0.1
18   10000    0.1
19   10000    0.1
20   10000    0.1
21   10000    0.1
22   10000    0.1
23   10000    0.1
24   10000    0.1
No, Direção, Força
13    3       -500
No, R01 R02 R03
1   1    1   1
2   1    1   1
3   1    1   1
4   1    1   1
5   1    1   1
6   1    1   1

No, dY01 dY02 dY03
1     0    0    0
2     0    0    0
3     0    0    0
4     0    0    0
5     0    0    0
6     0    0    0
