Num de nós, Num de elem, Num passos, tolerância
10,16,10,0.000001
No, X1, X2, X3
1,1,2,0
2,3,2,0
3,5,2,0
4,7,2,0
5,9,2,0
6,9,3,0
7,7,3,0
8,5,3,0
9,3,3,0
10,1,3,0
EL, no1, no2
1,1,2
2,2,3
3,3,4
4,4,5
5,1,9
6,2,9
7,2,8
8,3,8
9,3,7
10,4,7
11,4,6
12,5,6
13,10,9
14,9,8
15,8,7
16,7,6
EL, Elasticidade, Área
1    1000    1
2    1000    1
3    1000    1
4    1000    1
5    1000    1
6    1000    1
7    1000    1
8    1000    1
9    1000    1
10   1000    1
11   1000    1
12   1000    1
13   1000    1
14   1000    1
15   1000    1
16   1000    1
